0.08490987807269253 -0.029104607934284262 0.007961120810158945 0.1545649058386835 -0.05817579665638575 -0.12593757203320835 -0.019938747865153882 0.07635900113242197 -0.024118692549959526 0.02339381875014245 -0.07396942507027011 0.017730528396783074 0.049072626589608086 -0.023098229827385602 -0.052416852133255934 0.0020164407590571127 0.05181574088228224 0.12580667482362617 
0.08737082489538031 -0.0312797687301092 0.0212388730517016 0.13095641687118398 -0.033789382809719215 -0.09380658967394978 0.03183478094817873 0.0816853873988582 -0.06889746587255413 -0.005806128090260563 -0.05422490661477776 0.03634474688305694 0.03195384764815126 -0.040228947640502416 -0.08066816888427385 -0.07168409095644405 0.138247035141489 0.027419251824701448 
0.08763097148164975 -0.035920446799681365 0.029798641496311944 0.11830529432657265 -0.02383156666584411 -0.07343036827634827 0.06116005840735659 0.08745008630380274 -0.08191792336694993 -0.037956376339954814 -0.042014580549076794 0.0669707385203868 -0.005011272904500224 -0.06795331025943264 -0.07479758636234107 -0.09190479880536945 0.12423940106187895 -0.01564641058858962 
0.08668802450435002 -0.04113012885836512 0.03438690716480177 0.11004302820576102 -0.024487663002303758 -0.06034187633559764 0.07903285387578786 0.1069582861397176 -0.06951037743932219 -0.04912500383166479 -0.041597785750095595 0.09664273344877736 -0.030569309271208895 -0.09544771954358534 -0.06861637781394092 -0.09225163632915322 0.08904367067756339 -0.046661646686642466 
0.08464906891262754 -0.046925669278323916 0.03192092731656882 0.09991298829780187 -0.0386135190145592 -0.05462551460989291 0.06755918872313915 0.12891184208820827 -0.05558843063154428 -0.0241123427854951 -0.05429334516866211 0.1109555578091632 -0.06788814543253296 -0.11613479098800573 -0.05236038752381014 -0.07432105938970249 -0.0021965969952688655 -0.04887480791422357 
0.08117846419020414 -0.04988529650674616 0.01856472011299893 0.10282997019646209 -0.05313947001427671 -0.05964366220376193 0.02757452403367647 0.13823184024568172 -0.04358320351702413 0.009961238486350223 -0.08400107649508402 0.0958376477893707 -0.08062208379285862 -0.13102794265432763 -0.0514097106034607 -0.039682183116514745 -0.06997842122610604 -0.018619001961077325 
0.08654793055837405 -0.05770488461601018 0.007397721833464733 0.10059471979187617 -0.058689065078866835 -0.04618511060158144 -0.0036148515163727957 0.15271202377464874 -0.03646372683142402 0.05763072003831077 -0.08323616124537225 0.058951683356327146 -0.032986907158362166 -0.08689506458750022 -0.03182092885697833 -0.033833113942754185 -0.09222244295396033 0.025575436204344586 
0.10882005663874499 -0.06652014818014981 -0.035608947306198103 0.09185578982535325 -0.06433066463634031 0.007882033658301504 -0.12713800154887786 0.2079387983114257 -0.038062575615820035 0.13836125068510888 -0.0635597008083405 -0.026077292364616318 0.08292059433758577 -0.005525681526308794 0.05878222693951806 -0.07959234111569075 -0.11181902840139184 0.06807213103837245 
0.11675693757379019 -0.07228043478629652 -0.048478781526957795 0.08329777425876925 -0.05049019514331575 0.02232343285004294 -0.15577912658224982 0.20342090929014026 -0.05094088965390903 0.11358064218495177 -0.04421319033220187 -0.02755370757063433 0.1429288181512213 0.0766716020966576 0.021511460031998605 -0.05875584371686663 -0.042574510583956234 0.11885016109453175 
0.08764490448553222 -0.025820436986372184 0.022094254407272276 0.13116587718759493 -0.04114512608688049 -0.09454923957642306 0.008790677367155017 0.059460996412497524 -0.0376598380499692 8.710132788253807E-4 -0.03977252498985266 0.009059332652471934 0.05963997820279559 -0.015845698090966004 -0.06010425008272468 -0.030813741432334903 0.1071474186023041 0.09431774946516744 
0.10246915239406265 -0.03190654751394702 0.05158587320412198 0.0847101803084179 -0.004852568052782073 -0.04112002959006355 0.08534073920284926 0.05163909637141063 -0.0805238985706047 -0.05767356583608508 0.03220921298048214 0.020197769644325216 0.04181010220403179 -0.023106748661337544 -0.028876733905389876 -0.08571645387844605 0.18484646256589007 -0.0161314321474041 
0.1102908311041984 -0.04208825817078509 0.07033097468730484 0.04628673061576639 0.005413105373317961 0.012740203324445904 0.12497483910813263 0.05863644339970545 -0.08754542830400451 -0.09247796734373641 0.048912859719110795 0.05173087653641807 -0.004303940404092314 -0.055871455054044894 0.014989450759576656 -0.10683394467119056 0.14573189085479518 -0.015446387848630653 
0.107730663931391 -0.049066992707235066 0.07145313693513543 0.03668712602083998 -0.013506600249151738 0.0226158270107428 0.1306705731125159 0.08455454146120656 -0.07763476968721864 -0.0963976668468291 0.03198497158557365 0.09072359674178858 -0.05259299569007252 -0.09105863286543003 0.0029374920400335293 -0.09318280310815351 0.045874815164782354 -0.034055152865066794 
0.10071346910536089 -0.044494978203007136 0.062002801912324226 0.04589875621058523 -0.026497397134832963 0.015717222833987462 0.11463143000788355 0.08524872219140775 -0.02911944663056013 -0.05940530935577289 0.011797870498437233 0.08699851774128609 -0.07405268594750707 -0.09703518631054066 -0.010951949127239053 -0.02523003873531432 -0.01282632022641976 -0.0626978349706826 
0.09163814164072444 -0.047522710406206974 0.03671783926017047 0.06789598130288776 -0.038352969057336296 -0.0013128094558225954 0.07144210141472146 0.09588749478722036 -0.0032340033321004613 -0.0075875451472279505 -0.03998132817595774 0.0786778312176691 -0.07708320787643784 -0.09551824084230437 -0.024194205919856347 0.03165947017397792 -0.07753841588652688 -0.07729661781542682 
0.10113216239336825 -0.06472747084740378 -8.891784000608729E-4 0.07395316779713978 -0.049004433178843815 0.015141686141839243 -0.007051489399190485 0.1416675049244711 0.013488241931625206 0.07482149509711787 -0.06894539099854816 0.0505753178918728 -0.036633526720562706 -0.03939080145488864 0.05057092699003782 0.0396574080491455 -0.14925265533642523 -0.053097748314539735 
0.11772004967444558 -0.07910235828053062 -0.06937880711493508 0.06470282495354521 -0.04027166165289399 0.06053871478909619 -0.10825977608749897 0.20069389134016774 0.021432544397894198 0.1418307250700622 -0.031123647058958277 -0.004029969995482792 0.04538657239049223 0.09192575538429981 0.12562215579108488 -5.27636589019293E-4 -0.10698709139538283 0.00624170185556369 
0.11353723558698267 -0.09365108368364645 -0.1256528548215499 0.058969844748860675 -0.0028331768416254115 0.03693089583321183 -0.11066208765054221 0.20273619031704615 0.039315974498702035 0.06182241012444824 0.011925279081128662 0.059830774954370204 0.015218169372452541 0.26856742614660223 -0.044343295386369753 0.012347254422261532 0.0016084057418883778 0.10188152363278248 
0.09827322968134865 -0.0250763368465153 0.04118698521354815 0.09859732908613605 -0.003221684141062903 -0.05578255339603461 0.05646102842652405 0.02216186434693299 -0.043459215733075984 -0.028769501245232743 0.03177911646003124 -0.009168145083461797 0.08919842824782387 0.011548876435674704 -0.022647682735705964 -0.04640523462065478 0.15740472033727163 0.03144312762191037 
0.12819818234974872 -0.05627149195987918 0.0770983240659737 0.004986339556579905 0.04436104136293535 0.05996706065076088 0.12296230304805 0.052656613838500566 -0.09243180946968087 -0.09426032460064426 0.06822100825441967 -0.01803698131080891 0.0882628213396003 0.008472398272663622 0.0694296538472728 -0.07490654537764416 0.16517781516864205 0.0042260679379074965 
0.13987067360118818 -0.08748998458364905 0.08752562596971679 -0.06078192726435435 0.03922566315585084 0.14407708681544673 0.05387702834536499 0.025336161186622522 -0.14463521574169488 -0.11679874038554046 0.013388128938722568 -0.07107306360305567 0.03408022994503078 -0.03568986138710266 0.13584257030225613 -0.07786504633321137 0.026154213073566707 0.0803641729342586 
0.12902148797899796 -0.1030754866206228 0.08770159043674947 -0.06835226858818759 0.005188886016125443 0.1552921376994193 0.023039789631650865 0.022771103882404723 -0.16797686442939336 -0.12491923917247827 0.0108111616505745 -0.03245693663911016 -0.010244887506131086 -0.10586480521408978 0.0646342340171973 -0.030556384454218485 -0.09415279331757255 0.10368852517391633 
0.11648503536370361 -0.09137095964380264 0.08482125489733906 -0.043185024308432844 -0.01923351511784975 0.14817206275956377 0.05648983425779459 0.020978827998136846 -0.09958961765192016 -0.11076850477935887 0.030797173106858162 0.042642959686069855 -0.03308876806613016 -0.12384443235576431 0.02202448836294243 0.05289481206933369 -0.12678934480171392 -0.016981070340179576 
0.11001916286565572 -0.08113028493796315 0.0634237987551554 -0.005565778182298993 -0.0329873580742387 0.12098495631593037 0.08771640775788606 0.07807264413768064 -0.006069764484270006 -0.018680797113416928 0.03528323891064518 0.07626291974249018 -0.04306056382843852 -0.08152496760442955 -0.005921117108287865 0.14928840973936391 -0.09605212546841231 -0.12575288079613922 
0.1208541967568469 -0.08370106412253041 -0.016225019108778792 0.021697814609724968 -0.02542643854532792 0.11623820818536941 0.0032390839505732154 0.13683389661303338 0.06456113366855848 0.08289643493048843 0.02224931838137536 0.04995189496077414 -0.028949714510358937 0.007830316730026267 0.13085895517148852 0.11347140910772553 -0.14642666636002385 -0.12584003214848652 
0.12328894210997292 -0.10017962294667365 -0.12271832660549226 0.025245583605607403 -0.006548722939282935 0.09118867537693869 -0.04925120286139158 0.1740761044948177 0.12092317897375256 0.05903708139763013 0.03971108020490158 0.015623769798280516 -0.03994161961721281 0.1485708925875098 0.12301880514496782 0.07587322560047105 -0.032798152366681564 -0.03605631279555663 
0.093700544795701 -0.12033009634558944 -0.20679924030217578 0.012060726505258624 0.04698026809706395 0.003450099006478887 -0.055524494023408734 0.14897852725147911 0.15417720912090857 -0.1328137693415533 0.0973327811985846 0.06892124825831364 -0.14198004878607082 0.28938392068528807 -0.2123014847040151 -0.07050325223380655 0.0020007546243046453 0.07025427039661487 
0.10971302435334514 -0.0383771843146789 0.06518898726679326 0.05665971518598192 0.0527458342231009 -0.011934347016131509 0.10995594023989665 1.1323022578616289E-4 -0.03970126873632118 -0.030995475811877744 0.10426962629582381 -0.07323268388403993 0.1264288365499378 0.07620710452653448 0.029800679452611636 0.0021030715456255874 0.1657797343816657 -0.02650442101808031 
0.13866319420118844 -0.12214370660368451 0.0881754536960725 -0.096864336913886 0.10492418201486588 0.07609190254029 0.02743626025769999 0.021834983619541674 -0.14242724797328324 -0.1053277006601557 -0.0013593142309156153 -0.15569617143139203 0.053005789747357174 0.05504089263473476 0.1185948922910544 0.012091285704770282 0.07912042841913804 0.011333680771081085 
0.12128828545768736 -0.18401028301810582 0.09622614333994851 -0.15810555268893273 0.052268266194606214 0.07971659171975912 -0.1633236515458431 -0.10324005417312636 -0.16172308412055011 -0.12094910869667233 -0.06602015678630169 -0.1523356329249192 0.0056984640804045505 0.04732617703406217 -0.005438929319001812 -0.008954171987181915 -0.0014855729716473534 0.1038613759599055 
0.09611896753460525 -0.2041009164618861 0.09150731575836625 -0.1440406308729874 -0.004094547376060599 0.09326771905461073 -0.1832362921607224 -0.16227189086222185 -0.15110587804146433 -0.049382509012255646 -0.045142769852191594 -0.03942074293206939 0.033842819851713196 -0.021449755772161985 -0.14836159882821792 0.03892563292734863 -0.10067074786676417 0.1814847804477045 
0.08197260860409127 -0.17447478914347092 0.08510737002096262 -0.1205714876392814 -0.05433606548728626 0.11332451106439495 -0.12466607805774932 -0.14331833658543652 -0.09361548959316414 -0.039095876828351514 -0.0032856462594813194 0.05436117246168465 0.035871950105146724 -0.08413923030641059 -0.12391990365813198 0.16494481144663764 -0.14680488627848637 0.10847213086346212 
0.0924419341940603 -0.14700385121365944 0.06790465055599232 -0.09219324248294092 -0.05690188873376424 0.1534463649608733 -0.02982729087662143 -0.04464407583315686 -0.02492542282828425 0.02928598089376079 0.04637938582205237 0.037173582889006136 -0.00475987322330366 -0.08118951921408067 -0.07673307025239501 0.2738243549129949 -0.07703227009489262 -0.020418142291172236 
0.117703532022474 -0.12120681395840815 -0.04452235139173182 -0.05884067179937464 -0.02573531091399197 0.16769598530235302 -0.00472626712020313 0.05591460659012019 0.1194178290762213 0.12340805905867241 0.11724309815826167 -0.04553652641917677 -0.07360661786087849 8.869870261898477E-4 0.1193102408936075 0.22736470580813484 -0.02011212468722916 -0.1094945663427142 
0.10634214910718678 -0.1247181297495473 -0.17946562178438014 -0.03961807579319622 0.014659260913715985 0.06272492460573405 0.008409605235419983 0.08428066428437148 0.2333247071075576 -0.035894999500038695 0.06688306212044344 -0.05111039097898442 -0.10460946978027892 0.06467877649771837 0.008993795713064282 -0.0037786750033170966 0.04669278773808539 -0.004827836544815644 
0.07465265129891699 -0.1289909139578212 -0.23747296517077013 -0.0443459839489288 0.05410605309622701 -0.03839222651006825 0.008521678618982282 0.031163614892536263 0.24248291856476412 -0.24413414940743144 0.0819303308994884 -0.07760883823185977 -0.10934198741380553 0.044751793983359156 -0.24369260017034047 -0.22633975326459843 -0.07867505059225362 0.05983432285744901 
0.11675228186241016 -0.06280145694772009 0.07847519947291715 0.007301267375523906 0.12405498466798365 -0.028888993031051243 0.1359194811346074 -0.007476449768043021 -0.04093499837995071 0.005278833469294506 0.13284125653562798 -0.14844054927277092 0.13839678957823057 0.10911010874531388 0.03424886809130906 0.05497761771398182 0.09979608885002729 -0.12170297123861222 
0.11643706623657812 -0.13671232307505649 0.06314068478525506 -0.20293796339355927 0.15678752319921568 -0.13659589870166716 -0.08465454919293322 -0.018475035522048874 -0.07732077883977649 -0.06778933463488165 -0.07766099056722842 -0.11359091407400713 -0.09341241100422852 0.09235855261104416 -0.015904293201502617 0.053487699539422874 0.09291928269335052 -0.07488337978307104 
0.07195529671478726 -0.17592602343032251 0.06120156157139036 -0.1652272059903656 -0.027546436813652184 -0.19490705647864837 -0.2006855107357526 -0.1014325456002774 0.0026015328306239604 -0.034162139182291835 -0.03227419317783938 0.09354038787018647 0.0185369539091724 0.11277110709492448 -0.0708948316476003 -0.2031604541114048 0.11074274282465202 -0.11952779177757811 
0.0387441486786647 -0.17710584643239935 0.05169006767900057 -0.11429514707609773 -0.12202594384815064 -0.12676295516675792 -0.11106300811674825 -0.13966725060102989 0.03212150351706911 0.1375498973703768 0.0019780264635530067 0.15609696931689043 0.10858077108155016 0.04190741758416548 -0.2030228825725506 -0.16096949761149407 0.003707855166349134 -0.07450195144528178 
0.029628727047716057 -0.1481619004014024 0.05127844132098016 -0.09779891230988949 -0.14354203379834338 -0.0661887393102311 -0.016044576773329117 -0.143364963469841 0.038941159677819574 0.17023895440076225 -0.009702659151668649 0.1435345103300521 0.13337912294156665 -0.0018320474677975436 -0.17769642902717137 -0.047675400580657154 0.015859790447669737 -0.11732258202374192 
0.043289621267819635 -0.13298758319336312 0.02072395081036474 -0.0979872922831694 -0.15095426826114616 -0.013682990762518915 0.013972570380203789 -0.08535811351178725 0.08968130556426823 0.22878524122159444 0.011743090991456605 0.06645292307060081 0.07915287585947361 -0.015034953830942206 -0.10313037146653826 0.10741123083508806 0.15482738586271486 -0.0683550681455758 
0.06869120802845718 -0.11140559425568698 -0.07599058625178345 -0.10959262442747074 -0.1080257143638975 0.025540235745968833 0.08312879882897216 -0.04675272445883504 0.1621985767723283 0.16073463545461025 0.0408536596658113 -0.07457288652165929 -0.01768898469475005 0.016482587933683988 0.04322905994838353 0.14103558183844433 0.23222186889290355 -0.03579392242287996 
0.07549892902991286 -0.10241475668603663 -0.2085537379805979 -0.09319225562779972 -0.025990701832026956 0.024565568968185323 0.11744931279076862 -0.021066685312332096 0.22756033976610116 -0.02787381491325258 0.0034146028430026456 -0.10778726509738552 -0.029222109978391735 -0.12338874209144164 0.03125926611986059 -0.027358512054578753 0.12297327542036915 0.015910912760442566 
0.06884875174937036 -0.07978304696699272 -0.25835826156179903 -0.06861223340132303 0.017765886085855644 -0.033866923289478684 0.108903081338172 -0.058353647584384376 0.18153529863504372 -0.21075575545612765 -0.015499115165234266 -0.14269340612408174 0.05503605556241644 -0.25479940893446323 -0.08625353512358731 -0.1381025510879369 -0.134469873060875 0.07117794869350914 
0.11526056486756833 -0.03611139126853002 0.07269473093554192 -0.041340823153482996 0.22041533307546404 -0.1291006980982292 0.15674071561262523 0.014829195948866261 -0.007762501183664837 0.09967526857412493 0.15967510650943004 -0.16600077028503804 0.10174373456584208 0.07695728663680201 -0.0869620584645215 0.052657684553065916 -0.044457202577831714 -0.20656856987179342 
0.08653182710620347 -0.04247554487119784 0.023859171280087535 -0.23868572162455332 0.14255610227825194 -0.2970519603062335 -0.10405548175703574 0.03388883645198174 0.00763734042792183 -0.0211615191854653 -0.1146144325242585 0.03314427072414506 -0.22224524571833745 -0.02680465394536475 0.0863657976943763 0.03266602822141481 0.05572173668589303 0.00478030221799098 
0.03294564108879717 -0.05603708352544229 0.0645310406885741 -0.10394641073301786 -0.13205217608300165 -0.21224759060320098 -0.11167980716588145 0.013531737984826205 0.0873519607780461 -0.09508955278357627 0.04973072180660667 0.1856214562934153 0.1518012213085052 -0.010120712052781203 0.2565405110115271 -0.12505597043129973 0.009729093834987474 -0.10066896360319472 
0.011298567410771348 -0.04882154321013286 0.05189143467790973 -0.061080340488419003 -0.21304189641128446 -0.07059829002279212 0.0059595955446361355 -0.030645617113669085 0.0548624896168338 0.06333365107924693 0.13549549689512527 0.14258759579559133 0.16561430450893583 -0.04763852188384819 0.00552105354586639 -0.09615093173046126 -0.14934418969198796 -0.009784131511035053 
0.025016411682004983 -0.026364242895976983 0.026654243735727348 -0.059948653340403835 -0.16339132127081452 -0.024038689960929675 0.10737623894500369 -0.04486594514894285 0.03926834405062976 0.12454191186740278 0.08034018772208344 0.11711683546698967 0.011311924355719516 -0.03620190839095279 -0.05496190427947078 -0.006153308627699925 -0.04286876239304285 -0.040806361182264966 
0.04646805385394941 -0.018757368637390925 -0.012184028267858686 -0.07206721634515419 -0.13826086006666508 0.003170804054956377 0.15021563934562454 -0.014584650538802792 0.010811926740100657 0.199240709997194 0.0073898082774858 0.03641572961320647 -0.12689617415104798 -0.04202884247517292 -0.045625581075664404 0.05560951050704411 0.1458930164158563 0.01153756085089147 
0.05059737075495942 -0.024850344307872765 -0.07462872385583175 -0.09398711202318018 -0.1292850873936082 0.018159677214509905 0.19162915241296963 0.0038354282989460707 0.009370095421676881 0.14120326491920765 -0.0968250131690163 -0.09349449458014383 -0.06531137257979704 -0.006375271318565642 0.014896999747790613 0.10357613092275454 0.2566975698910476 0.03870151516838743 
0.059527722792576496 -0.018091730082489044 -0.17171498301490304 -0.096789613723803 -0.07769337085388495 -0.013229753311062967 0.19073795782070363 -0.027567175567538536 0.013370881142250235 0.025288765595273502 -0.15039199282109555 -0.12311427509804634 0.09348285954885413 -0.09920495506627793 0.09849791309275815 -0.010415706355481566 0.05107896083837196 0.010096038487090758 
0.060263771905259625 -0.006047647511285789 -0.2346356001028318 -0.07245209893469677 -0.04161275776419444 -0.034783403193345004 0.1588441302495983 -0.08260298815683974 0.034636807374843065 -0.09765545316192067 -0.13111964671133558 -0.10788946040131174 0.27903083330768164 -0.23576591720666146 0.06010184029875981 -0.04074127139369159 -0.2060991960817291 -0.023868914456906327 
0.1098658360755486 0.028932235311209406 0.06172029618676531 -0.04456156623259428 0.26133554091141753 -0.16737792288652323 0.1566982155844377 0.02803097037681086 0.017104972859942648 0.1734813036795052 0.18579659051323982 -0.10672366441279828 0.0673239607571035 0.016582481781487052 -0.12185682244800301 -0.018527897822621375 -0.1556869441002803 -0.1596944725549314 
0.08261459182474487 0.05742354168846947 0.02661830339709305 -0.2381495935929556 0.1207895343032427 -0.28558095864771244 -0.0730380103244062 0.10084347071055673 0.04212901929949459 0.0033335407005982602 -0.11919200159228595 0.03559079652628327 -0.23902243351027788 -0.10812962786606443 0.13828976715533167 0.05947030425150798 -0.011190798628226924 0.08556256218391262 
0.03295093734570835 0.05428974842292067 0.06398858576501572 -0.099404226169493 -0.18087360949403 -0.1920428609036501 -0.11048874746557494 0.07198315651802904 0.10062498100138403 -0.1700414461314921 0.1106819816298471 0.09492742931562949 0.1795312243973359 -0.008107174826949361 0.3268845383297491 0.04316176707440324 0.02577390499738687 -0.01237753011615434 
0.012278142302971345 0.04688037400224971 0.05958325047662281 -0.06752813895950792 -0.25407108842852383 -0.056394799211403106 -1.5075672501789516E-4 0.03369642766076397 0.06661611763179831 -0.09059651551372211 0.1911102108327994 0.0019687322036728654 0.10747813002893761 0.010820624954211142 0.04124348043022779 0.04093713552684405 -0.10416695042242305 0.017739255464608583 
0.023714120326963652 0.051867318085766945 0.03728250753941426 -0.06182467051401887 -0.1948449815053805 -0.01600821027218915 0.09380869474547456 -0.026104743501915016 6.856939541368176E-4 -0.05549592518065337 0.18694186901450355 -0.015012698772377656 -0.10316344096211515 -0.050033318012223243 -0.06325318840136329 0.0040575448730250105 -0.10797632178723193 0.043811351749624965 
0.050151147112000714 0.05344438888906493 -0.009042946785010098 -0.07941907620447688 -0.16509121230457835 -0.026739206544937187 0.12850077555274636 -0.039887357910491895 -0.06480652777944683 0.09733641563210607 0.12910766021913195 -0.02224916126965655 -0.20442746099914522 -0.050296663209210266 -0.06924592317985119 -0.018960953383280438 0.0012189071395211646 0.20351709003057605 
0.05129120561444489 0.03591077377185581 -0.0752794809716871 -0.09475506285685932 -0.1347381054868178 -0.01977887385753621 0.17404801940333856 -0.05846794429569499 -0.11504560397177768 0.13685545702202212 -0.08150843867495161 -0.012241348811143346 -0.09691061055628705 0.06232752868642024 0.024850340912544754 -0.028663084029754336 0.0898577262016067 0.21287495626324454 
0.055993257338591215 0.04553934210332734 -0.14807131957958108 -0.10047346336173973 -0.07908364287896687 -0.03716514759782333 0.18990679927053686 -0.042026485670599446 -0.1601159802189675 0.054580863082709166 -0.21674833296812065 0.005518302308397115 0.0505207964846557 0.1286253981376977 0.07908983846027139 -0.04789723472525473 -0.029940534418269334 0.06515441816060515 
0.06789687564419465 0.04235107884896862 -0.22163608556086214 -0.056810029429666106 -0.04278204223927636 -0.05612117788886283 0.12391428587244299 -0.08577172368862385 -0.10936554588035051 -0.0460319808361931 -0.22005692403206048 0.016038687028967224 0.2514276577683744 0.0683020767185666 0.04845128189568253 -0.01840113055342987 -0.14321799100792382 -0.14363057050279643 
0.10964787045381391 0.06782337253990292 0.07221273764684774 0.0018479506898755227 0.2004875996165553 -0.10820325996814417 0.13216909203869498 -0.013167961136611636 0.04049582783633183 0.15278327871928593 0.17253784688165702 0.006078724301126395 0.1286228366161697 0.01934191114320489 -0.09013620955284407 -0.03137958463733509 -0.15433731696450573 0.023575354628825523 
0.1068793144574795 0.14136349512937976 0.05840977801818943 -0.20936737444802686 0.16237126482640618 -0.16460332769364616 -0.01129908073444222 0.12890392583913268 0.04892225566499632 0.118397448470827 -0.10570275537245098 0.009717901840874059 -0.14449528013276436 -0.13828061396698013 0.003509769115946128 -0.007799065694412347 -0.10627488750723138 0.044304461992021274 
0.05721415270373707 0.168920736456851 0.039039090168360685 -0.1263343876157063 -0.11461402834777674 -0.1378392282915949 -0.09820854738623197 0.15446561555126573 0.04214830925084818 -0.14700735524826075 0.06656023304540636 -0.046776573433890904 0.07500079343781804 -0.03106669579768396 0.105692299691316 0.1724604468720295 0.10731725482738017 -0.014949067482865891 
0.034025727535663644 0.15571801396598775 0.03389438285333065 -0.0632616648754997 -0.20910399725438755 -0.07030583960709012 -0.014317007213303123 0.14929870429795267 0.013545686817468634 -0.2091554743995938 0.13294427267948822 -0.12550967722899095 0.016395757947166432 0.06504342669470653 -0.03826097890440254 0.13338936451235017 0.025397246606656373 5.491416311689264E-4 
0.03114267230798526 0.125453296966642 0.04627606794718654 -0.05201599722442848 -0.21942810778679775 -0.05001000570529271 0.028491401967791777 0.06714864461727654 -0.055719733774285504 -0.1658278808719973 0.15629649539947804 -0.15115571666305178 -0.06937585037690194 0.07625744520178394 -0.11754364987394582 0.03236903971704318 -0.09622088625597847 0.016548008972585078 
0.04897675903949877 0.11727787967532181 0.011252068393159842 -0.07708399997437286 -0.19857798445744315 -0.04497642216613057 0.013522201332424478 0.01358404664652716 -0.11599510634195523 0.005267025461550215 0.13733079090341113 -0.14906232550689677 -0.1103337202727856 0.08616084472165564 -0.08216639177050675 -0.08762468097138867 -0.06878473481476824 0.09485923538024375 
0.0627068372609112 0.094907808404045 -0.07810157456892043 -0.09699742405556316 -0.10607532967853896 -0.013266201707640238 0.048567128273662184 -0.04732326359369518 -0.19561629529543512 0.11878774191275578 0.04480309892645437 -0.005833266393542297 -0.12053689389964198 0.145972150642264 0.09086115927505133 -0.11204632226330623 -0.03281901689668639 0.08848045187196725 
0.07403244282564105 0.08390430239411403 -0.18157513460673594 -0.0797312713391101 -0.013462210576387147 -4.0299467122976735E-4 0.07221211659105864 -0.04749979993478748 -0.2152424585027756 0.023541554579678693 -0.0667493573035038 0.12712293952118167 -0.04067874300806373 0.21941918939270763 0.07478624249743601 0.015703082238097948 -0.05356395024133505 0.006873733297600463 
0.07709272801860964 0.0682984654278059 -0.2506370091930336 -0.045934947053398914 0.047690714457257775 -0.03163086508136671 0.039402599900446166 -0.048889522363381926 -0.17561504128310296 -0.12513918112885597 -0.09938196716849652 0.18678896808895265 0.0957938022596391 0.1987649174970607 -0.03738867424118327 0.13644647465626403 -0.069009903982089 -0.1299653296652569 
0.10364765843055905 0.05175623514137802 0.06290237028617791 0.05968913463212501 0.1010764292415379 -0.057704941585459184 0.08656624407148131 -0.08767803666497699 0.05245480610935075 0.053578805153252744 0.12313163442905785 0.02398305090765733 0.13778481030483647 0.08656676395920943 -0.022813155504960263 0.01852554094056757 -0.06448516264669486 0.16363836550852165 
0.13516636827937414 0.1509748332472204 0.0965148713532159 -0.10563900641586774 0.17463746120762863 0.016004555642490738 0.04252645098540921 0.05484168745308005 0.10609179221371212 0.14789060809456667 -0.06086778988581819 0.1465003309493796 0.06255064771359635 -0.08718134754389777 -0.0038888869531294883 -0.06998802554567177 -0.1582405197074476 0.1499736427504371 
0.1091791237713278 0.23517115615146858 0.07252084347940638 -0.13419306922328514 0.03911487022273241 0.05356191192204696 -0.052186476652953395 0.14985371281645066 0.058792268638142964 0.0733191888649579 -0.12411836108660278 -0.0436399924147779 0.14884414871378368 -0.07705977566119884 -0.14827215372476354 0.10670853832228086 0.06601038281846554 -0.029474893604927693 
0.08076716188751015 0.23888947137493624 0.0575221288698303 -0.10708789491597602 -0.056258264173675285 0.06982085450135028 -0.06644683606227737 0.19929991722881304 0.0034759423291198586 -0.035364392023605744 -0.13267974670917135 -0.1142555998917056 0.14530517343854202 0.011615980598270488 -0.23979404848901295 0.09249240912785527 0.06000871877746087 -0.07901115109064966 
0.06767201637888376 0.19993904866256076 0.06535552698954458 -0.09562648122901095 -0.0919414002791733 0.08476537139475478 -0.035767714717601734 0.11728395279905822 -0.023118470653941868 -0.03483385709126405 -0.08068624826073867 -0.11851063054128809 0.045185476137989615 0.08581569055039377 -0.2365470209754785 -0.03666465627193336 -0.03844022551617433 -0.1335378003130569 
0.08093489345920779 0.15796784225944427 0.0472752482211037 -0.09055279569631838 -0.08782587572645156 0.1067122502946637 -0.044912438121376956 0.010040515797103257 -0.0392999395446091 0.05164045085416045 0.01113195080509897 -0.09751244894720237 -0.07174122391009784 0.06509837701374072 -0.13452288682790328 -0.2172312936617683 -0.05300870448107222 -0.1393888626793376 
0.1043728590485617 0.13107733986638845 -0.04473165219998806 -0.053418891320548875 -0.014554331479857843 0.09595650288001142 -0.06890874907167593 -0.04554810212247919 -0.10744724269073203 0.16004085215630776 0.12686061378090324 -0.01386200934631533 -0.1284897890044027 0.01566808917715849 0.11821438832024463 -0.2443740026626057 -0.07827737413414444 -0.10002454536529108 
0.10024085750936884 0.11009887939007167 -0.18212635793703066 -0.01840508295417702 0.04788462118840037 0.046593689504853895 -0.046778450190411804 -0.037497147803240864 -0.16438277945146731 0.04535314421950564 0.14958993470627643 0.14667740962154996 -0.04415567167938526 0.01186635784926997 0.04275740225849134 0.030854858711184072 0.011945992173632902 -0.047364989166391744 
0.08861361503534107 0.09446259095030116 -0.24933411504513106 -0.013180133080883885 0.09741867398122564 -0.020352906749560078 -0.06355555359635065 -0.03771556271016255 -0.17233019772377692 -0.1271862132865183 0.09358066744623313 0.2892591395876264 0.05160701926774379 0.02342666507646196 -0.12065377586735285 0.22184036849393385 0.06734264571212 -0.08204982358391681 
0.09663093317203045 0.02326251537953619 0.042424375446200695 0.09997858347589662 0.014227087788297975 -0.0842465913847009 0.03386587984497536 -0.10490476339552987 0.044763584592751794 -0.007208979779018152 0.0720775525640691 -0.018217160323742394 0.05955289177159648 0.1140493012799723 0.007280662503734606 0.06651495153005624 -0.010343697171382308 0.17936885158673663 
0.13086145830670684 0.07303112473448878 0.08861353095374334 -3.9320330405759465E-4 0.08044356549817588 0.046471552121844006 0.0740534185776704 -0.07638794793923276 0.12066580021508992 0.010104589735450977 0.02667328012464931 0.12919833642902326 0.04141298710342345 0.05499003446435546 0.07411303773425537 -0.03690729520119406 -0.06444209895778419 0.23515343492241544 
0.1393542754869767 0.14341485935259196 0.08509027560915575 -0.052512094936445645 0.060789832644848295 0.1670067621296677 0.0026921473569406305 -0.059789193807874286 0.18458191596031584 -0.00970308701831483 -0.10823225649686574 0.12981917457187098 0.08390803460654843 0.001398312533285021 0.014002489975870978 -0.03365094358161069 0.1120252450288117 0.17390672507172839 
0.12986161468946522 0.16029104160600316 0.0759101649825459 -0.05689781774202826 0.017681031071006364 0.20625131174330702 -0.038301355485577164 -0.04131512109530487 0.19442035882613531 -0.0335116641085706 -0.15300592068388408 0.11755357902569226 0.06736390149902177 0.025333530595656666 -0.06100434396308046 -0.036128996700474855 0.1531895752180651 0.09726102562882663 
0.11882503349775732 0.13569040472462093 0.06696908107272759 -0.042754176043974926 -0.012598418047765481 0.19318273968639338 -0.0231652832837207 -0.06300341353688826 0.15648657463802104 -0.054315342575238394 -0.1172395672356814 0.11763143670520633 -0.004018764223313709 0.03783665787086889 -0.026338587111283125 -0.08260927445365521 0.07117462359463435 -0.03639340188141701 
0.11550501741272247 0.0952458283331224 0.050983928641986434 -0.015567083718757974 -0.028801718287297575 0.1400156922643244 -0.021806081299392537 -0.09124545743034856 0.0755532081783704 -0.04938488116627108 -0.018675510292173434 0.08258495563773774 -0.0613827464294681 0.022210240144976207 0.021994815474177146 -0.1589784612728689 0.029651523814487612 -0.12093864474038982 
0.12691766555058304 0.08043461531830734 -0.02083689734781422 0.02267267871342927 0.0024802634332300997 0.08584513698260221 -0.10022248627156766 -0.09394208508527375 0.014722778847396884 0.05793308394944138 0.11282122243405389 -0.032763196323794146 -0.07133992393544869 -0.007277939233762152 0.16022289880392357 -0.20226004219064622 0.0016543368602287157 -0.09807518775055687 
0.12473601333267713 0.09973032154179866 -0.135656069046165 0.040376766084370116 0.045594518090450335 0.03003068423885433 -0.13431148601517817 -0.08286090508143777 -0.06641871594860004 0.08890461408282363 0.1959864627429655 -0.003789773337474993 -0.036574002745638295 -0.1514972693891684 0.09849515979597734 -0.05880540668234812 0.053924675197498675 0.015115524060861299 
0.0984465982039057 0.1170389173867198 -0.21912505164066887 0.02062244655360304 0.08943573570803141 -0.02048991409414809 -0.13960783263731188 -0.05206428564581686 -0.09951138571818886 -0.03761413697421366 0.22094766430104204 0.20427211229832962 -0.002375109272865603 -0.2440091661493222 -0.12856120763026901 0.16343262004612705 0.16778687902765257 0.043405411025128036 
0.09005416948814499 0.011289386625980778 0.024012943981678424 0.1291364663980239 -0.020085968878526952 -0.1171101549460945 -0.010168170644001223 -0.082026360240248 0.02581194915831286 -0.0013074897484876388 0.010063919311010961 -0.032401779993958144 0.05223910873012009 0.09114373663464943 -0.00822430056156586 0.0696299795268368 -0.023788562408858013 0.16977598402346805 
0.10574516776425102 0.02806992672195165 0.056770716120914846 0.0918170899072129 0.010730914846414797 -0.07302608439145301 0.05094265442550618 -0.13362004790218293 0.07973784653891922 -0.028898831846515184 0.02700627713549975 -0.0012225147957960095 -0.013417954374575838 0.10463053359202502 0.044668274218941394 0.094976461000501 -0.07441171968850556 0.12543961890917604 
0.12007809398919875 0.045479257579905716 0.07232362553378452 0.05737548134635943 0.013124812393783441 3.8017820434277177E-4 0.06764138590461939 -0.14249056563411647 0.1136947620662762 -0.09083733685996653 -0.007454915266819379 0.051429275517821824 -0.044338611121076295 0.08159081905709674 0.07560664100277767 0.05381456171716665 -0.03310334322715091 0.04463066665698709 
0.12275802842404636 0.057323662096029446 0.06875890905598114 0.047820129192787775 -0.009856788848140279 0.04854706962718988 0.04887186045041639 -0.13401862683342144 0.13562707974255084 -0.10821034982816378 -0.04226591746268798 0.08383956426872916 -0.05627516683420157 0.06873450079647417 0.04125408160001304 0.033791550125057926 -0.03445455221505583 -0.030936676529402882 
0.11386185420518911 0.04938728697630501 0.05991165071997423 0.0586087409266068 -0.02178957774468172 0.0303698226022174 0.029492018487464078 -0.1310407539430791 0.07478882873298488 -0.10486599950383908 -0.03826471770693394 0.0739567664271388 -0.0832337517762575 0.03959038804394743 0.03858529114829504 -0.019538575500040387 -0.02120805098451203 -0.13249160647162725 
0.10540279529133814 0.0382703553416075 0.045627385978136585 0.07308780107204474 -0.020812658064521098 0.0032289525504915605 0.01397721513831608 -0.13241835210380515 0.02274252042986965 -0.08096095557081937 -0.022803324377410696 0.01765683507902902 -0.07432312267434754 0.032606614613207296 0.02709571511450118 -0.034313052835257485 0.011005943751345462 -0.17407874150578853 
0.11789750278918157 0.04239573148552799 0.0013110105045414779 0.08504117360048716 -0.01871235479800243 0.007961317228760789 -0.07517712126918086 -0.13340029704114675 0.02166394298350019 -0.0065041352338843245 -0.0016925783205009154 -0.10243463268485664 -0.018368336091683646 0.013701829841683192 0.060708529975162136 -0.0641717647020287 0.06484897968529561 -0.1644573724302971 
0.12708359148236353 0.05717989210802178 -0.07744133335088775 0.08696619388669191 -0.004646844400503368 0.008156798307170641 -0.17647101055422554 -0.10421015776098554 -0.0027924126166772923 0.07822194897889681 0.05988582765729313 -0.16014720067908786 0.01284366736584383 -0.06602513333291596 0.11639549479178402 -0.08437805879831317 0.039276932898397794 -0.0517889691869945 
0.1161264144218817 0.08372145915692226 -0.15153337341143616 0.07171448822569763 0.04297508482199341 -0.014947752240804553 -0.19233942489517356 -0.08070437850656995 -0.054299952662897034 0.05523475744302702 0.161181251879303 -0.05315869607205236 0.03014412152074488 -0.27844960748414643 -0.06174349373761671 0.012837176679769371 0.09896961225832995 0.06296705510868118 
0.09115055091567784 5.931801288032331E-4 0.01106779092384693 0.15682814937326256 -0.060127159256996784 -0.13972570263893758 -0.02888256074985247 -0.04376648255060882 -0.003822690288776569 0.006109774529857057 -0.050342948820572 -0.04027029593320141 0.03614896019330887 0.04852865118164672 -0.029518241546496373 0.06074955324101043 0.005428321641267309 0.15391707569527202 
0.09571449989244328 0.013347840437964114 0.029350453934438095 0.13726984273754833 -0.03590297484589734 -0.12127399834128719 0.006662037045035914 -0.08871935601857181 0.03068216902063831 3.1003191115651804E-6 -0.03352966053223314 -0.029147371101138745 -0.029576480109985658 0.04704837267810364 -0.01533082470998564 0.09990614461686916 -0.05365354695885243 0.09218056697822223 
0.09832134254104974 0.021012480899195562 0.04302561303188852 0.12594864589890922 -0.02829996398764891 -0.10479317412607454 0.02944371883563937 -0.1257719884915201 0.05571303322622272 -0.031203085937652763 -0.046110795931893524 -0.02902233106157241 -0.08016035647345127 0.04373607894690914 0.006703778419761002 0.13313604571403928 -0.09042870348313262 0.024441695617699738 
0.09674292584907541 0.019670606980687576 0.038561256072525814 0.1296871213223619 -0.05020086943892494 -0.08803380283383445 0.022154905206398033 -0.10744316009008874 0.03339177023037579 -0.035173276535783615 -0.08727431140425425 -0.02078523516785915 -0.13243745532262088 0.003539420667006634 -0.023364286341678597 0.11577237376250668 -0.08240795711505369 -0.05689867091895007 
0.09707651821065447 0.01623318879633395 0.03455907424444472 0.12647785229753017 -0.06249842842673419 -0.06460454722433287 0.012931886417781834 -0.07960952083580052 -0.009152375701668278 -0.051798704416664794 -0.10500101743632247 -0.003923322564514606 -0.15962134232797856 -0.030106507180474043 -0.04072938713657542 0.04879565044439535 -0.04203516873469652 -0.12912747584366246 
0.0942400487698197 0.020545722384776897 0.02596535192036237 0.1354833510241812 -0.0615618105356994 -0.07225664299164329 -0.007787916324993047 -0.099130423207962 -0.0012880020558931732 -0.01949305459355119 -0.1324072982975375 -0.04971594709787966 -0.15508001809471547 -0.01790893381318926 -0.03962468970316465 0.07889924977843678 -0.05816767312217075 -0.1307809724541626 
0.10401881862892016 0.023388835229359882 0.004469968990978804 0.13204208245377083 -0.06667202662155511 -0.059259795786930226 -0.0658201887795402 -0.11453582247244608 0.024488780749091093 0.026365214447982288 -0.13011496197403785 -0.11041115904237825 -0.08351763070488337 -0.021007042840311626 -0.022619144028004298 0.08466394821424383 -0.025868721128276238 -0.13183098108609007 
0.1223894509669638 0.02561298517070337 -0.03751817936190326 0.12267019678115113 -0.0744372606853393 -0.029603218120648152 -0.18031585726878824 -0.08431474599055344 0.02307140678337785 0.0846972703920786 -0.11819071251094734 -0.20541283351260325 0.0389878855351515 0.008655954145333796 0.050071431285704696 0.02073080970507367 -6.163406620051877E-4 -0.06161364575146174 
0.12485958608392989 0.02973767733795706 -0.07469245827908648 0.11846393816343333 -0.046106338835077906 -0.03426959300185661 -0.20776324820206857 -0.054414065401369005 -0.01483842372996866 0.09353043429479917 -0.06071486396972312 -0.2022301205118168 0.09446071710053155 -0.12031802561823457 -0.04705121403489243 0.0018887488021298682 0.01087316986543926 0.055955025078236645 
