159.24375
164.75
167.253125
168.115625
168.075
166.66875
160.80625
148.915625
137.559375
165.340625
166.525
166.240625
167.659375
169.1875
168.75625
161.265625
147.7875
133.484375
168.33125
163.221875
157.2375
157.496875
161.340625
163.18125
156.75
142.35
122.3375
167.21875
148.428125
131.9
130.421875
138.053125
144.775
142.321875
130.440625
113.125
161.490625
117.665625
92.83125
93.040625
109.253125
115.590625
117.515625
116.265625
107.953125
150.75
91.590625
72.70625
83.796875
107.0625
112.65625
108.984375
106.840625
101.4875
146.571875
88.834375
73.69375
87.7625
109.725
116.453125
110.6875
107.559375
101.665625
155.8625
107.63125
87.48125
92.11875
109.3625
117.228125
118.08125
113.459375
107.034375
166.546875
138.534375
121.571875
120.18125
130.359375
139.065625
138.734375
124.53125
112.934375
171.115625
161.190625
152.775
152.296875
157.38125
161.5875
156.390625
139.784375
120.0625
168.459375
169.2625
167.753125
166.8375
168.9
168.95
161.69375
148.340625
130.1125
160.6875
166.85
169.428125
170.634375
169.55
167.2625
160.878125
149.825
137.2125
